23
237
9
9
52
0
4
81
0
4
54
0
7
71
0
3
70
0
4
92
0
2
54
0
4
104
0
3
69
0
4
107
0
3
66
0
4
99
0
3
72
0
4
106
0
3
76
0
4
107
0
3
81
0
4
114
0
2
68
0
3
101
0
3
77
0
4
114
0
3
82
0
4
113
0
3
86
0
10
81
0
2
64
0
3
54
0
4
88
0
3
61
0
4
77
0
4
101
0
3
77
0
4
109
0
3
79
0
4
108
0
2
66
0
4
99
0
3
74
0
3
102
0
3
80
0
4
101
0
2
59
0
3
77
0
3
65
0
5
100
0
3
64
0
12
69
0
3
67
0
2
52
0
3
100
0
3
72
0
4
114
0
3
76
0
3
109
0
3
80
0
3
77
0
4
48
0
4
70
0
2
56
0
3
77
0
3
77
0
4
102
0
3
78
0
4
114
0
3
79
0
4
240
0
5
101
0
5
124
0
4
64
0
5
77
0
4
66
0
5
108
0
4
67
0
5
72
0
5
107
0
4
70
0
5
99
0
4
67
0
5
96
0
3
54
0
4
72
0
5
54
0
5
66
0
3
66
0
3
86
0
3
63
0
3
97
0
3
79
0
4
108
0
3
79
0
4
112
0
4
78
0
4
95
0
3
76
0
4
90
0
3
59
0
4
90
0
3
70
0
3
100
0
3
81
0
4
109
0
2
76
0
4
87
0
3
78
0
3
106
0
3
81
0
2
90
0
3
73
0
4
111
0
4
81
0
4
107
0
2
63
0
3
87
0
2
48
0
4
89
0
3
52
0
4
82
0
3
59
0
4
72
0
3
57
0
4
92
0
5
60
0
5
63
0
16
95
0
7
68
0
13
93
0
3
58
0
6
72
0
15
99
0
5
97
0
5
66
0
6
69
0
8
74
0
5
117
0
3
68
0
5
104
0
3
86
0
4
115
0
3
51
0
3
107
0
3
79
0
4
104
0
3
81
0
4
87
0
3
54
0
5
79
0
4
60
0
5
100
0
6
68
0
6
70
0
8
111
0
4
60
0
4
123
0
4
67
0
4
70
0
3
54
0
4
73
0
3
55
0
3
74
0
4
109
0
2
65
0
4
102
0
3
66
0
3
96
0
3
71
0
3
90
0
3
74
0
3
99
0
3
78
0
4
121
0
4
86
0
4
119
0
3
80
0
4
89
0
3
70
0
4
115
0
3
78
0
4
111
0
3
82
0
4
108
0
2
70
0
3
80
0
3
80
0
4
100
0
3
53
0
4
102
0
3
58
0
3
103
0
3
76
0
4
113
0
3
80
0
4
83
0
3
51
0
3
83
0
3
82
0
4
114
0
3
72
0
4
116
0
3
84
0
4
121
0
3
78
0
4
121
0
3
65
0
4
106
0
3
75
0
4
113
0
3
83
0
5
135
0
4
85
0
4
121
0
3
87
0
2
98
0
2
75
0
4
108
0
3
58
0
4
102
0
3
80
0
4
110
0
3
59
0
4
94
0
3
78
0
4
107
0
3
57
0
4
83
0
3
51
0
4
89
0
3
62
0
4
72
0
3
57
0
4
116
0
3
83
0
4
98
0
4
59
0
4
85
0
3
61
0
4
90
0
3
74
0
4
86
0
3
56
0
4
108
0
3
145
0
5
123
0
3
66
0
3
80
0
2
63
0
3
78
0
4
62
0
6
102
0
6
67
0
7
79
0
7
57
0
4
89
0
3
55
0
5
70
0
5
96
0
4
70
0
5
107
0
4
58
0
5
70
0
14
80
0
3
78
0
3
54
0
4
60
0
4
91
0
2
65
0
4
89
0
3
46
0
4
85
0
3
65
0
4
92
0
3
86
0
4
108
0
3
80
0
4
91
0
3
54
0
5
67
0
4
58
0
4
91
0
3
61
0
5
67
0
6
83
0
6
61
0
5
76
0
7
59
0
4
80
0
3
71
0
3
109
0
3
76
0
4
93
0
3
70
0
3
74
0
3
76
0
4
111
0
3
77
0
4
113
0
3
84
0
4
112
0
3
83
0
4
112
0
3
82
0
4
113
0
3
68
0
6
87
0
3
69
0
3
83
0
4
71
0
5
103
0
3
69
0
4
104
0
3
70
0
4
126
0
3
85
0
4
119
0
3
91
0
4
107
0
6
55
0
6
80
0
3
70
0
4
79
0
4
67
0
5
77
0
3
55
0
4
84
0
3
59
0
4
64
0
5
107
0
4
61
0
4
75
0
4
59
0
60
120
0
6
74
0
6
67
0
16
90
0
4
75
0
3
58
0
4
84
0
3
52
0
4
59
0
4
70
0
3
61
0
4
91
0
3
63
0
4
69
0
4
124
0
3
80
0
4
112
0
3
78
0
3
91
0
4
52
0
6
63
0
3
71
0
3
80
0
3
69
0
5
73
0
4
64
0
4
97
0
3
68
0
4
76
0
4
55
0
4
101
0
3
68
0
5
90
0
3
73
0
4
91
0
3
60
0
4
120
0
3
85
0
5
114
0
3
65
0
6
91
0
6
59
0
4
87
0
3
50
0
4
62
0
4
99
0
3
89
0
5
115
0
3
79
0
4
109
0
3
78
0
3
117
0
3
81
0
4
113
0
3
72
0
4
89
0
4
67
0
4
94
0
3
62
0
4
93
0
3
65
0
4
85
0
3
51
0
3
111
0
3
82
0
4
118
0
3
83
0
5
115
0
3
80
0
4
99
0
3
70
0
3
75
0
3
53
0
3
99
0
6
56
0
4
78
0
3
63
0
4
91
0
4
62
0
5
101
0
3
69
0
4
90
0
3
63
0
5
95
0
3
68
0
4
93
0
3
58
0
3
130
0
3
86
0
4
112
0
3
81
0
4
90
0
3
45
0
4
59
0
11
84
0
4
71
0
4
56
0
4
94
0
3
57
0
4
63
0
2
51
0
3
85
0
3
77
0
4
85
0
3
82
0
4
115
0
3
83
0
4
116
0
3
83
0
4
114
0
3
81
0
4
121
0
3
77
0
4
107
0
3
78
0
3
94
0
3
62
0
6
71
0
3
67
0
3
75
0
3
61
0
4
90
0
3
59
0
4
87
0
3
63
0
4
95
0
3
81
0
4
112
0
4
70
0
3
93
0
4
68
0
6
72
0
4
60
0
4
85
0
3
66
0
3
48
0
3
87
0
3
83
0
4
104
0
3
75
0
4
89
0
3
56
0
4
95
0
3
54
0
4
87
0
3
51
0
3
84
0
3
61
0
4
86
0
3
61
0
4
111
0
3
84
0
4
107
0
3
85
0
4
112
0
3
85
0
4
106
0
3
74
0
4
82
0
3
64
0
3
76
0
4
62
0
5
94
0
4
60
0
4
92
0
3
65
0
4
92
0
4
67
0
5
94
0
3
61
0
4
98
0
3
66
0
4
104
0
3
63
0
4
111
0
3
82
0
4
249
0
5
98
0
5
109
0
4
62
0
5
74
0
4
64
0
5
94
0
3
51
0
3
61
0
3
54
0
4
85
0
3
63
0
4
66
0
4
107
0
4
69
0
4
87
0
3
53
0
3
99
0
3
77
0
4
102
0
3
75
0
5
88
0
3
68
0
3
93
0
4
69
0
5
104
0
3
54
0
4
66
0
14
83
0
3
81
0
3
48
0
3
55
0
4
89
0
3
58
0
4
105
0
3
81
0
4
117
0
3
84
0
4
113
0
3
82
0
4
85
0
3
52
0
3
78
0
3
66
0
3
85
0
3
63
0
3
48
0
10
56
0
3
94
0
3
79
0
4
111
0
6
68
0
8
92
0
3
76
0
4
97
0
3
59
0
4
102
0
2
67
0
3
97
0
2
70
0
4
108
0
3
80
0
4
94
0
3
54
0
4
72
0
3
56
0
3
84
0
3
52
0
3
80
0
3
73
0
3
104
0
3
75
0
3
92
0
3
72
0
3
93
0
3
73
0
4
107
0
3
79
0
4
106
0
3
73
0
7
71
0
3
67
0
3
72
0
3
64
0
4
94
0
3
67
0
4
94
0
3
86
0
4
201
0
4
98
0
4
133
0
4
89
0
4
109
0
3
70
0
4
101
0
3
70
0
4
106
0
3
69
0
4
103
0
2
84
0
3
69
0
3
101
0
2
69
0
3
75
0
3
69
0
3
111
0
2
64
0
4
93
0
2
48
0
4
65
0
3
57
0
4
75
0
4
62
0
4
96
0
4
58
0
4
66
0
5
104
0
4
69
0
5
100
0
4
64
0
4
94
0
3
66
0
4
94
0
3
85
0
8
88
0
3
84
0
2
49
0
4
90
0
4
61
0
5
65
0
5
97
0
5
51
0
12
82
0
3
52
0
4
60
0
5
96
0
3
61
0
4
100
0
3
87
0
4
97
0
3
72
0
4
112
0
3
79
0
3
94
0
3
75
0
3
106
0
3
79
0
4
102
0
2
62
0
3
74
0
3
62
0
4
93
0
6
60
0
5
92
0
6
61
0
7
66
0
3
70
0
4
76
0
3
54
0
4
63
0
3
51
0
6
86
0
6
61
0
4
79
0
4
108
0
3
70
0
4
101
0
3
101
0
4
111
0
3
80
0
4
94
0
3
59
0
5
69
0
4
61
0
4
95
0
3
59
0
4
67
0
12
113
0
3
104
0
3
62
0
5
58
0
4
96
0
3
53
0
4
94
0
4
65
0
5
100
0
3
50
0
4
88
0
4
61
0
5
99
0
3
63
0
4
72
0
14
92
0
5
69
0
3
52
0
4
90
0
3
61
0
4
66
0
4
104
0
4
69
0
4
84
0
3
61
0
4
96
0
3
86
0
4
111
0
3
80
0
4
112
0
3
81
0
9
79
0
3
70
0
4
82
0
3
72
0
5
96
0
3
59
0
4
66
0
15
80
0
4
70
0
4
54
0
5
93
0
3
64
0
5
70
0
6
111
0
4
69
0
4
89
0
3
56
0
4
63
0
13
86
0
4
101
0
3
55
0
4
59
0
4
111
0
3
84
0
4
70
0
2
76
0
4
98
0
3
75
0
4
105
0
3
75
0
17
73
0
3
72
0
3
71
0
4
61
0
4
89
0
3
62
0
5
100
0
4
64
0
5
77
0
5
56
0
6
68
0
3
72
0
4
84
0
2
70
0
3
75
0
3
68
0
8
69
0
3
67
0
12
61
0
4
62
0
5
65
0
6
95
0
6
63
0
7
56
0
3
98
0
3
71
0
4
80
0
4
115
0
3
83
0
4
162
0
5
89
0
6
116
0
4
86
0
2
85
0
3
55
0
4
91
0
3
69
0
3
104
0
3
77
0
4
95
0
3
73
0
2
100
0
2
74
0
7
103
0
11
69
0
4
105
0
3
59
0
4
99
0
4
69
0
5
72
0
6
115
0
4
78
0
4
68
0
5
73
0
4
98
0
3
64
0
4
86
0
3
50
0
4
105
0
3
72
0
4
90
0
4
68
0
5
75
0
6
61
0
4
90
0
5
63
0
7
65
0
4
112
0
4
64
0
5
107
0
5
69
0
5
83
0
4
60
0
5
88
0
3
52
0
4
62
0
5
96
0
4
62
0
5
99
0
3
64
0
4
97
0
3
64
0
4
89
0
3
83
0
5
115
0
3
81
0
4
106
0
3
80
0
5
94
0
3
53
0
4
65
0
11
70
0
3
83
0
3
57
0
4
67
0
5
99
0
3
66
0
2
89
0
3
65
0
2
77
0
3
63
0
4
89
0
2
70
0
3
100
0
3
78
0
4
103
0
3
71
0
6
69
0
3
63
0
3
81
0
3
68
0
4
51
0
3
56
0
4
96
0
4
68
0
4
96
0
3
67
0
4
92
0
3
153
0
5
139
0
7
71
0
6
87
0
7
58
0
4
95
0
3
56
0
4
93
0
3
66
0
5
100
0
4
65
0
4
97
0
3
65
0
13
80
0
3
71
0
2
51
0
3
101
0
3
88
0
4
111
0
8
58
0
4
94
0
3
57
0
4
97
0
3
63
0
4
99
0
3
64
0
4
94
0
2
66
0
3
89
0
3
54
0
4
90
0
3
61
0
5
96
0
4
64
0
5
101
0
3
72
0
6
72
0
4
63
0
5
91
0
3
64
0
5
68
0
3
61
0
4
99
0
3
65
0
4
112
0
3
80
0
4
124
0
2
76
0
4
106
0
3
70
0
4
98
0
3
57
0
3
72
0
3
56
0
4
59
0
13
83
0
4
66
0
3
57
0
4
93
0
4
62
0
5
65
0
5
101
0
4
68
0
4
93
0
3
63
0
4
87
0
3
51
0
4
82
0
3
82
0
4
105
0
3
80
0
4
111
0
3
80
0
5
94
0
3
55
0
4
68
0
15
79
0
4
74
0
4
61
0
5
66
0
3
64
0
4
84
0
2
54
0
3
57
0
4
71
0
3
60
0
4
86
0
3
81
0
4
81
0
3
69
0
3
98
0
3
72
0
3
58
0
3
55
0
3
99
0
3
69
0
4
97
0
3
77
0
4
105
0
3
83
0
4
103
0
2
61
0
3
76
0
3
53
0
4
88
0
3
60
0
4
72
0
3
56
0
4
89
0
4
61
0
4
65
0
12
84
0
4
71
0
4
57
0
5
94
0
4
64
0
5
73
0
6
93
0
3
54
0
3
80
0
3
62
0
4
88
0
2
70
0
3
87
0
3
46
0
4
84
0
2
53
0
3
87
0
3
67
0
4
94
0
3
67
0
4
99
0
3
65
0
4
99
0
3
71
0
5
116
0
3
84
0
I/flutter (28633): Total time taken: 112847 ms
