27
804
0
11
541
0
5
525
0
6
547
0
6
559
0
6
543
0
6
576
0
6
538
0
6
577
0
7
545
0
7
552
0
3
575
0
3
572
0
3
605
0
3
562
0
3
600
0
3
555
0
3
583
0
3
592
0
3
576
0
3
567
0
3
571
0
3
581
0
3
569
0
3
573
0
3
580
0
3
566
0
3
561
0
3
582
0
3
554
0
3
568
0
3
572
0
3
571
0
3
573
0
3
578
0
3
567
0
3
574
0
3
561
0
3
587
0
3
609
0
3
567
0
3
576
0
3
556
0
3
560
0
3
565
0
3
563
0
3
589
0
3
597
0
3
587
0
3
575
0
3
572
0
3
571
0
3
560
0
3
579
0
3
573
0
3
572
0
3
571
0
3
566
0
3
568
0
3
570
0
3
567
0
3
584
0
3
574
0
3
590
0
3
594
0
3
576
0
3
584
0
3
567
0
3
575
0
3
565
0
3
577
0
3
572
0
3
562
0
3
570
0
3
573
0
3
582
0
3
564
0
3
567
0
3
554
0
3
599
0
3
563
0
3
571
0
3
556
0
3
588
0
3
565
0
3
589
0
3
580
0
4
591
0
3
567
0
3
572
0
3
569
0
3
615
0
3
576
0
3
575
0
3
576
0
4
586
0
3
578
0
3
575
0
3
560
0
3
568
0
3
574
0
4
573
0
3
567
0
3
582
0
3
594
0
3
590
0
3
568
0
3
569
0
3
561
0
3
596
0
3
569
0
3
578
0
3
573
0
3
576
0
3
559
0
3
596
0
3
558
0
3
563
0
3
579
0
3
590
0
3
577
0
3
567
0
3
615
0
3
577
0
3
585
0
3
567
0
3
622
0
3
586
0
3
584
0
3
571
0
3
566
0
3
606
0
3
567
0
3
564
0
3
574
0
3
594
0
3
565
0
3
584
0
3
568
0
3
587
0
3
574
0
3
568
0
3
580
0
3
570
0
3
568
0
3
569
0
3
591
0
3
590
0
3
570
0
3
590
0
3
562
0
3
570
0
3
576
0
3
570
0
3
580
0
3
574
0
3
595
0
3
591
0
3
584
0
3
573
0
3
635
0
3
581
0
3
582
0
3
575
0
3
580
0
3
579
0
3
598
0
3
564
0
3
581
0
3
566
0
3
567
0
3
573
0
3
595
0
3
573
0
3
588
0
3
580
0
3
573
0
3
574
0
3
580
0
3
589
0
3
578
0
3
569
0
3
586
0
3
565
0
3
579
0
3
575
0
3
575
0
3
564
0
3
585
0
3
584
0
3
572
0
3
577
0
3
578
0
3
579
0
3
592
0
3
591
0
3
590
0
3
584
0
3
590
0
3
572
0
3
574
0
3
566
0
3
561
0
3
569
0
3
570
0
3
572
0
3
601
0
3
568
0
3
588
0
3
557
0
3
578
0
3
586
0
3
568
0
3
570
0
3
611
0
3
569
0
3
587
0
3
567
0
3
562
0
3
569
0
3
606
0
3
562
0
3
589
0
3
566
0
3
567
0
3
574
0
3
573
0
3
579
0
3
571
0
3
568
0
3
579
0
3
561
0
3
597
0
4
619
0
3
582
0
3
577
0
3
581
0
3
598
0
3
594
0
3
574
0
3
597
0
3
576
0
3
587
0
3
588
0
3
577
0
3
627
0
3
556
0
3
574
0
3
576
0
3
590
0
3
615
0
3
578
0
3
581
0
3
571
0
3
593
0
3
594
0
3
590
0
3
576
0
4
591
0
3
589
0
3
571
0
3
600
0
3
576
0
3
578
0
3
581
0
3
584
0
3
550
0
3
576
0
3
580
0
3
595
0
3
567
0
3
597
0
3
592
0
3
603
0
3
576
0
3
577
0
3
578
0
3
590
0
3
595
0
3
591
0
3
565
0
3
598
0
3
610
0
3
599
0
3
573
0
3
600
0
3
602
0
3
576
0
3
579
0
3
558
0
3
575
0
3
601
0
3
582
0
3
600
0
3
588
0
3
592
0
3
576
0
4
601
0
3
592
0
3
589
0
3
553
0
3
570
0
3
574
0
3
572
0
3
582
0
3
577
0
7
560
0
6
544
0
7
553
0
7
579
0
7
550
0
7
540
0
3
571
0
3
572
0
3
575
0
3
573
0
3
549
0
3
586
0
3
569
0
3
584
0
3
580
0
3
584
0
3
598
0
3
568
0
3
568
0
3
574
0
3
578
0
3
593
0
3
582
0
3
601
0
3
569
0
3
571
0
3
562
0
3
564
0
3
563
0
3
573
0
3
580
0
3
591
0
3
582
0
3
572
0
3
570
0
3
568
0
3
581
0
3
574
0
3
604
0
3
586
0
3
583
0
3
586
0
3
571
0
3
572
0
3
563
0
3
581
0
3
594
0
3
578
0
3
564
0
3
579
0
3
558
0
3
598
0
3
563
0
3
558
0
3
580
0
3
569
0
3
594
0
3
591
0
3
586
0
3
570
0
3
592
0
3
586
0
3
579
0
3
606
0
3
593
0
3
584
0
3
573
0
3
599
0
3
592
0
3
579
0
3
585
0
3
599
0
3
581
0
3
586
0
3
610
0
3
569
0
3
605
0
3
559
0
3
583
0
3
565
0
3
554
0
3
583
0
3
541
0
11
614
0
3
548
0
3
556
0
3
572
0
3
580
0
3
573
0
3
570
0
3
587
0
3
582
0
3
567
0
3
564
0
3
597
0
3
572
0
3
593
0
3
612
0
3
580
0
3
579
0
3
594
0
3
588
0
3
588
0
3
582
0
3
577
0
3
581
0
3
580
0
3
570
0
3
581
0
3
564
0
3
615
0
3
564
0
3
566
0
3
568
0
13
605
0
3
560
0
3
579
0
3
593
0
3
574
0
3
597
0
3
573
0
3
600
0
3
596
0
3
565
0
3
576
0
3
559
0
3
584
0
3
600
0
3
596
0
3
602
0
3
585
0
3
593
0
3
579
0
3
597
0
3
598
0
3
579
0
3
576
0
3
606
0
3
600
0
3
592
0
3
581
0
3
609
0
3
578
0
3
554
0
3
576
0
3
577
0
3
585
0
3
654
0
3
585
0
3
566
0
3
600
0
3
611
0
3
592
0
3
581
0
3
575
0
3
591
0
3
568
0
3
619
0
3
574
0
3
589
0
3
593
0
3
581
0
3
583
0
3
596
0
3
593
0
3
595
0
3
580
0
3
566
0
3
584
0
3
580
0
3
586
0
3
580
0
3
578
0
3
615
0
3
585
0
3
574
0
3
599
0
3
576
0
3
586
0
3
594
0
3
587
0
3
571
0
3
577
0
3
564
0
3
586
0
3
565
0
3
580
0
3
568
0
3
565
0
3
562
0
4
573
0
3
607
0
3
593
0
3
595
0
3
587
0
3
593
0
3
597
0
3
581
0
3
587
0
3
578
0
3
569
0
3
577
0
3
561
0
3
601
0
3
586
0
3
561
0
3
559
0
3
575
0
3
624
0
3
565
0
3
559
0
3
576
0
3
587
0
3
588
0
3
596
0
3
565
0
3
597
0
3
574
0
3
591
0
3
578
0
3
582
0
3
563
0
3
550
0
3
572
0
3
582
0
3
580
0
3
607
0
3
559
0
3
576
0
3
569
0
3
595
0
3
581
0
3
590
0
3
599
0
3
593
0
4
591
0
3
594
0
4
580
0
3
584
0
3
566
0
3
555
0
3
573
0
3
593
0
3
571
0
3
577
0
3
589
0
3
578
0
3
574
0
3
557
0
3
601
0
3
596
0
7
594
0
8
551
0
3
580
0
3
589
0
3
566
0
3
585
0
3
578
0
3
562
0
3
569
0
3
587
0
3
604
0
3
580
0
3
587
0
3
568
0
3
572
0
3
577
0
3
577
0
3
578
0
3
578
0
3
590
0
3
579
0
3
579
0
3
587
0
4
576
0
3
568
0
3
563
0
3
569
0
3
564
0
3
594
0
3
568
0
3
601
0
3
560
0
3
587
0
3
561
0
3
581
0
3
577
0
3
566
0
3
567
0
3
579
0
3
570
0
3
571
0
3
592
0
3
593
0
3
591
0
8
548
0
7
603
0
3
568
0
3
578
0
3
569
0
3
606
0
3
561
0
3
575
0
3
574
0
3
575
0
3
590
0
3
582
0
3
577
0
3
578
0
3
590
0
3
572
0
3
569
0
3
597
0
3
583
0
3
583
0
3
602
0
3
572
0
3
598
0
3
579
0
3
575
0
3
573
0
3
583
0
3
577
0
3
564
0
4
602
0
3
546
0
3
610
0
3
578
0
3
583
0
3
568
0
3
573
0
3
564
0
3
576
0
3
568
0
3
574
0
3
599
0
3
594
0
3
578
0
3
630
0
3
578
0
3
585
0
3
562
0
3
595
0
3
568
0
3
591
0
3
590
0
3
587
0
3
599
0
3
581
0
3
586
0
3
592
0
3
590
0
3
591
0
3
596
0
3
625
0
3
590
0
3
571
0
3
597
0
3
602
0
3
582
0
3
570
0
3
601
0
3
604
0
3
616
0
3
590
0
3
598
0
3
602
0
3
578
0
3
613
0
3
603
0
3
572
0
3
592
0
3
575
0
3
575
0
3
582
0
3
593
0
3
567
0
3
572
0
3
568
0
3
574
0
8
574
0
7
543
0
8
556
0
8
554
0
3
582
0
8
560
0
3
597
0
8
558
0
3
585
0
3
582
0
3
548
0
3
584
0
3
576
0
3
601
0
3
587
0
3
601
0
3
554
0
3
585
0
3
563
0
3
600
0
3
589
0
3
579
0
3
599
0
3
611
0
3
595
0
3
610
0
3
571
0
3
572
0
3
576
0
3
561
0
3
563
0
3
583
0
3
568
0
3
604
0
3
569
0
3
585
0
3
584
0
3
592
0
3
570
0
3
582
0
3
588
0
3
588
0
3
588
0
3
558
0
3
569
0
3
568
0
3
560
0
3
641
0
3
556
0
3
550
0
3
558
0
3
564
0
3
563
0
3
576
0
3
566
0
3
583
0
3
590
0
3
584
0
3
567
0
3
580
0
3
557
0
3
628
0
3
584
0
3
592
0
3
580
0
3
578
0
3
569
0
3
581
0
3
583
0
3
592
0
3
619
0
3
568
0
3
571
0
3
590
0
3
603
0
3
583
0
3
584
0
3
569
0
3
572
0
3
558
0
3
562
0
3
604
0
3
572
0
3
581
0
3
584
0
3
584
0
3
573
0
7
587
0
3
580
0
3
584
0
3
589
0
3
585
0
3
589
0
3
571
0
4
557
0
3
598
0
3
594
0
3
589
0
3
613
0
3
615
0
3
601
0
3
586
0
3
586
0
3
572
0
3
592
0
3
595
0
3
587
0
3
570
0
3
579
0
3
574
0
3
572
0
3
566
0
3
580
0
3
544
0
3
572
0
3
581
0
3
564
0
4
562
0
3
586
0
3
559
0
12
602
0
3
561
0
3
613
0
3
603
0
3
587
0
3
585
0
3
573
0
3
591
0
3
553
0
18
599
0
3
548
0
3
572
0
3
578
0
3
591
0
3
591
0
3
564
0
3
580
0
3
568
0
3
589
0
3
582
0
3
585
0
3
580
0
3
600
0
3
585
0
3
575
0
3
600
0
3
611
0
3
577
0
3
581
0
3
600
0
3
604
0
3
573
0
3
583
0
3
591
0
3
577
0
3
580
0
3
611
0
3
597
0
3
599
0
3
595
0
3
588
0
3
582
0
3
596
0
3
600
0
3
602
0
3
609
0
3
619
0
3
580
0
3
567
0
3
588
0
3
587
0
3
587
0
3
591
0
3
631
0
3
597
0
3
604
0
3
584
0
3
582
0
3
579
0
3
603
0
3
563
0
3
570
0
8
561
0
7
557
0
7
541
0
3
595
0
3
587
0
8
561
0
8
550
0
3
562
0
8
563
0
3
584
0
3
573
0
3
585
0
3
572
0
3
570
0
3
588
0
7
568
0
7
590
0
7
553
0
7
574
0
6
563
0
7
550
0
7
545
0
7
555
0
7
557
0
7
565
0
7
580
0
7
572
0
7
562
0
3
587
0
3
570
0
3
565
0
3
569
0
3
587
0
3
575
0
3
579
0
3
570
0
3
576
0
3
600
0
3
575
0
3
583
0
3
614
0
3
591
0
3
570
0
3
591
0
3
595
0
3
571
0
3
588
0
3
596
0
3
591
0
3
583
0
3
576
0
3
582
0
4
587
0
3
581
0
3
566
0
3
585
0
3
583
0
3
587
0
3
593
0
3
583
0
3
564
0
3
572
0
3
585
0
3
609
0
3
606
0
3
583
0
3
578
0
3
578
0
3
606
0
3
587
0
3
611
0
3
583
0
3
561
0
3
586
0
3
581
0
3
560
0
3
573
0
3
567
0
3
591
0
3
581
0
3
570
0
3
575
0
3
592
0
3
576
0
3
572
0
3
582
0
3
581
0
3
576
0
3
579
0
3
596
0
3
609
0
3
561
0
3
575
0
3
582
0
3
603
0
3
566
0
3
591
0
3
567
0
3
576
0
3
571
0
3
596
0
3
571
0
3
587
0
3
577
0
3
584
0
3
587
0
3
585
0
3
573
0
3
589
0
3
594
0
3
573
0
3
584
0
3
618
0
3
573
0
3
584
0
3
579
0
3
584
0
3
569
0
4
566
0
3
580
0
3
580
0
3
574
0
3
582
0
3
591
0
3
579
0
3
588
0
3
589
0
3
595
0
3
573
0
3
580
0
3
595
0
3
563
0
Total time taken: 610867 ms
