26
141
0
6
83
0
6
85
0
10
78
0
5
88
0
18
103
0
4
94
0
4
83
0
6
82
0
4
94
0
7
87
0
8
81
0
5
86
0
17
104
0
12
98
0
5
106
0
8
107
0
4
99
0
7
85
0
5
106
0
5
115
0
9
80
0
4
93
0
9
86
0
16
93
0
5
86
0
4
83
0
5
91
0
8
81
0
4
84
0
6
81
0
4
108
0
6
115
0
8
82
0
11
101
0
7
82
0
4
97
0
5
89
0
16
97
0
10
99
0
5
83
0
9
78
0
4
105
0
7
111
0
5
84
0
4
94
0
16
102
0
5
84
0
6
82
0
9
78
0
5
94
0
6
84
0
5
108
0
5
103
0
8
81
0
14
116
0
6
84
0
5
82
0
5
82
0
9
118
0
5
117
0
7
98
0
4
91
0
5
111
0
6
108
0
4
86
0
5
88
0
14
121
0
5
86
0
6
219
0
6
98
0
14
105
0
8
80
0
4
83
0
7
81
0
4
89
0
5
86
0
15
107
0
5
113
0
8
82
0
13
89
0
15
82
0
4
84
0
5
105
0
5
113
0
6
86
1
7
87
0
14
90
0
7
82
0
5
85
0
7
88
0
21
97
0
5
86
0
10
81
0
4
84
0
6
89
0
13
97
0
6
82
0
5
83
0
5
116
0
9
113
0
4
109
0
7
102
0
4
85
0
5
102
0
4
90
0
5
84
0
16
104
0
10
112
0
5
87
0
21
95
0
10
92
0
7
87
0
4
108
0
5
102
0
9
82
0
4
105
0
7
109
0
4
84
0
5
87
0
15
95
0
5
105
0
9
105
0
4
106
0
7
85
0
13
98
0
5
106
0
7
101
0
5
109
0
5
105
0
5
89
0
5
105
0
9
85
0
4
86
0
7
106
0
4
108
0
5
91
0
4
92
0
5
104
0
8
106
0
5
105
0
7
101
0
4
90
0
5
92
0
22
106
0
7
120
0
7
106
0
4
85
0
12
97
0
4
115
0
5
96
0
9
85
0
4
106
0
7
106
0
4
88
0
5
88
0
17
106
0
13
97
0
5
114
0
5
87
0
13
101
0
7
102
0
5
109
0
6
100
0
4
89
0
5
103
0
4
91
0
5
86
0
18
94
0
10
89
0
6
89
0
4
88
0
5
84
0
10
81
0
5
98
0
9
87
0
4
94
0
5
86
0
5
86
0
13
98
0
10
106
0
4
104
0
8
104
0
4
87
0
6
88
0
11
112
0
6
110
0
4
87
0
5
93
0
17
96
0
15
88
0
8
90
0
4
88
0
5
85
0
5
84
0
5
84
0
8
88
0
4
90
0
6
88
0
5
85
0
5
89
0
12
107
0
5
113
0
8
87
0
4
90
0
7
97
0
5
90
0
5
88
0
16
111
0
4
108
0
7
103
0
4
95
0
6
86
0
15
101
6
5
88
0
9
81
0
5
85
0
18
98
0
4
88
0
6
82
0
4
84
0
9
110
0
5
93
0
14
100
0
8
83
0
4
85
0
8
87
0
5
91
0
5
86
0
13
97
0
5
112
0
9
105
0
4
97
0
8
85
0
5
106
0
7
108
0
5
97
0
5
89
0
17
103
0
14
91
0
9
93
0
6
89
0
5
82
0
9
81
0
4
109
0
6
109
0
4
86
0
5
93
0
18
94
0
4
89
0
7
83
0
5
92
0
5
95
0
9
105
0
5
113
0
7
98
0
4
93
0
5
89
0
14
105
0
5
90
0
9
84
0
4
84
0
8
102
0
4
111
0
5
101
0
6
89
0
4
104
0
5
106
0
9
103
0
4
94
0
6
87
0
4
95
0
17
98
0
5
88
0
9
91
0
4
89
0
8
89
0
4
87
0
7
83
0
5
86
0
5
85
0
5
107
0
6
113
0
9
104
0
4
90
0
6
86
0
15
104
0
5
90
0
8
82
0
4
87
0
6
88
0
15
103
0
5
88
0
9
81
0
5
85
0
6
90
0
5
99
0
7
90
0
9
82
0
4
102
0
8
115
0
4
86
0
5
88
0
8
105
0
4
106
0
5
101
0
8
87
0
4
102
0
7
110
0
5
88
0
5
89
0
18
102
0
13
91
0
9
96
0
4
87
0
6
83
0
9
81
0
4
86
0
7
92
0
12
96
0
14
106
0
4
88
0
6
85
0
8
83
0
5
109
0
6
108
0
4
87
0
4
104
0
6
95
0
4
89
0
15
109
0
9
106
0
4
109
0
8
106
0
4
89
0
5
93
0
14
103
0
4
108
0
7
98
0
5
90
0
5
113
0
8
89
0
4
88
0
7
90
0
12
97
0
17
102
0
7
108
0
4
111
0
5
102
0
10
86
0
4
104
0
8
108
0
5
93
0
5
91
0
19
100
0
13
103
0
7
87
0
4
90
0
5
88
0
17
101
0
4
90
0
5
87
0
5
85
0
15
106
0
5
113
0
5
89
0
20
106
0
14
91
0
7
90
0
4
89
0
5
219
0
7
96
0
5
97
0
5
90
0
6
106
0
5
111
0
5
98
0
7
85
0
4
106
0
7
111
0
5
93
0
5
93
0
20
98
0
10
100
0
17
97
0
5
92
0
5
90
0
8
86
0
4
104
0
6
107
0
5
89
0
5
89
0
17
97
0
14
98
0
15
96
0
8
98
0
5
87
0
9
80
0
15
106
0
6
87
0
4
86
0
4
86
0
5
92
0
11
118
0
5
93
0
5
85
0
4
86
0
5
110
0
9
86
0
4
89
0
16
93
0
4
109
0
4
88
0
6
92
0
4
88
0
5
87
0
9
81
0
5
108
0
7
114
0
4
91
0
5
91
0
14
106
0
12
102
0
5
112
0
9
100
0
5
92
0
6
99
0
5
95
0
5
87
0
16
96
0
4
107
0
5
91
0
8
86
0
9
93
0
6
89
0
5
99
0
5
91
0
33
98
0
4
91
0
6
84
0
4
87
0
6
102
0
5
89
0
5
106
0
11
122
0
4
85
0
6
84
0
15
107
0
5
90
0
7
82
0
4
88
0
6
119
0
9
106
0
4
93
0
6
89
0
5
119
0
5
115
0
9
80
0
14
92
0
10
90
0
4
85
0
5
120
0
8
89
0
5
88
0
6
91
0
11
97
0
5
83
0
7
82
0
4
94
0
7
93
0
17
98
0
15
93
0
7
91
0
4
88
0
5
86
0
8
82
0
4
98
0
6
88
0
4
118
0
5
113
0
8
104
0
4
104
0
7
87
0
4
92
0
5
87
0
5
86
0
5
99
0
5
94
0
8
101
0
4
108
0
6
100
0
5
92
0
5
115
0
9
86
0
5
87
0
6
90
0
10
96
0
4
91
0
5
84
0
4
87
0
5
94
0
15
109
0
4
111
0
5
98
0
5
92
0
4
105
0
6
116
0
4
86
0
13
105
0
8
102
0
5
103
0
7
84
0
4
106
0
5
115
0
6
85
0
4
91
0
13
100
0
5
91
0
8
107
0
6
89
0
9
85
0
12
102
0
8
86
0
4
97
0
6
90
0
5
121
0
5
106
0
7
84
0
6
107
0
5
90
0
18
97
0
5
89
0
7
85
0
4
104
0
6
93
0
6
106
0
9
109
0
4
110
0
7
97
0
4
90
0
5
106
0
8
90
0
5
89
0
6
88
0
14
101
0
6
113
0
5
91
0
6
114
0
5
92
0
4
90
0
13
104
0
16
103
0
5
94
0
6
85
0
5
87
0
4
91
0
14
99
0
4
119
0
5
92
0
8
85
0
12
94
0
6
86
0
5
107
0
5
91
0
16
105
0
4
93
0
6
84
0
8
81
0
4
95
0
8
87
0
5
88
0
4
98
0
15
100
0
9
109
0
4
105
0
6
102
0
5
90
0
5
110
0
6
111
0
4
87
0
6
92
0
17
105
0
4
102
0
6
85
0
4
86
0
5
106
0
7
108
0
5
106
0
6
102
0
8
85
0
5
116
0
54
139
0
5
89
0
5
91
0
8
84
0
4
85
0
8
82
0
5
105
0
6
116
0
8
84
0
4
91
0
6
85
0
15
102
0
16
99
0
8
107
0
4
111
0
7
105
0
5
89
0
5
111
0
8
87
0
5
89
0
7
87
0
9
92
0
5
89
0
4
88
0
5
119
0
9
87
0
5
86
0
6
90
0
10
99
0
5
87
0
9
80
0
4
106
0
7
112
0
4
102
0
6
92
0
8
99
0
4
108
0
6
102
0
9
85
0
5
107
0
7
101
0
5
87
0
6
89
0
14
103
0
5
89
0
9
82
0
5
86
0
7
90
0
14
96
0
6
87
0
8
83
0
12
102
0
7
107
0
5
108
0
4
102
0
6
89
0
5
97
0
5
98
0
10
107
0
4
116
0
7
107
0
5
96
0
5
112
0
9
87
0
5
87
0
8
88
0
15
91
0
5
90
0
5
87
0
5
116
0
7
109
0
4
90
0
5
89
0
17
95
0
10
189
0
19
103
0
11
109
0
5
88
0
5
86
0
5
107
0
9
115
0
4
111
0
8
108
0
4
87
0
5
102
0
8
91
0
12
92
0
6
87
0
4
90
0
5
92
0
18
106
0
8
108
0
5
90
0
6
85
0
4
92
0
13
100
0
6
113
0
5
113
0
5
88
0
8
88
0
9
98
0
7
86
0
5
89
0
4
94
0
15
106
0
4
110
0
5
104
0
10
84
0
5
112
0
8
88
0
14
93
0
7
86
0
5
86
0
13
107
0
7
110
0
5
101
0
5
91
0
5
114
0
5
111
0
8
83
0
12
93
0
6
89
0
5
85
0
7
96
0
8
85
0
5
86
0
5
87
0
4
106
0
6
112
0
9
105
0
5
93
0
8
96
12
5
92
0
6
112
0
5
112
0
5
87
0
9
87
0
16
93
0
6
87
0
4
97
0
5
91
0
14
107
0
4
112
0
5
102
0
6
91
0
5
106
0
5
115
0
5
88
0
16
123
0
9
84
0
4
85
0
6
87
0
5
92
0
15
105
0
9
107
0
4
107
0
6
104
0
4
88
0
5
103
0
5
94
0
5
87
0
19
101
0
4
89
0
8
84
0
5
100
0
6
91
0
5
110
0
6
121
0
8
85
0
4
94
0
5
87
0
4
87
0
5
92
0
17
100
0
4
95
0
6
85
0
4
86
0
5
94
0
19
99
0
5
91
0
6
87
0
4
89
0
5
86
0
6
106
0
4
109
0
5
90
0
8
89
0
11
93
0
7
84
0
4
99
0
11
91
0
5
107
0
5
111
0
8
94
0
4
89
0
7
98
0
4
95
0
5
88
0
12
106
0
4
113
0
5
92
0
7
87
0
16
101
0
6
108
0
4
112
0
5
105
0
10
85
0
5
105
0
6
114
0
4
92
0
6
133
0
10
84
0
4
86
0
7
82
0
4
107
0
5
113
0
8
82
0
13
103
0
7
90
0
5
88
0
5
86
0
9
82
0
5
138
0
8
108
0
5
87
0
5
92
0
18
101
0
14
91
0
7
93
0
4
88
0
5
87
0
7
87
0
5
107
0
6
109
0
8
106
0
5
95
0
8
101
0
5
94
0
5
93
0
15
101
0
11
101
0
17
110
0
12
99
0
5
112
0
8
83
0
4
95
0
7
86
0
10
100
0
5
88
0
8
85
0
5
122
0
7
116
0
5
87
0
13
104
0
4
109
0
5
95
0
7
84
0
5
91
0
6
89
0
5
87
0
5
91
0
18
109
0
5
111
0
6
113
0
5
91
0
5
105
0
8
93
0
5
89
0
7
89
0
10
94
0
4
87
0
6
82
0
5
105
0
5
109
0
7
104
0
4
92
0
5
89
0
8
106
0
4
112
0
6
87
0
12
107
0
5
108
0
9
108
0
4
106
0
8
92
0
4
95
0
5
88
0
9
81
0
5
110
0
7
90
0
5
93
0
5
92
0
16
104
0
20
99
0
7
101
0
16
104
0
15
104
0
18
96
0
9
114
0
5
102
0
6
88
0
4
116
0
5
112
0
6
114
0
5
91
0
16
103
0
4
114
0
5
93
0
18
96
0
10
96
0
7
87
0
4
87
0
13
108
0
8
112
0
5
86
0
7
91
0
4
94
0
4
90
0
6
87
0
5
104
0
6
91
0
8
101
0
4
112
0
6
92
0
4
94
0
4
106
0
7
110
0
4
90
0
5
91
0
12
102
0
5
107
0
8
109
0
4
108
0
6
106
0
5
92
0
5
106
0
8
92
0
4
88
0
6
89
0
16
101
0
5
92
0
8
82
0
5
87
0
8
91
0
4
93
6
5
87
0
8
82
0
5
107
0
7
103
0
4
92
0
5
108
0
8
112
0
4
104
0
6
89
0
14
99
0
14
107
0
6
86
0
5
85
0
5
85
0
10
101
0
5
116
0
8
83
0
5
102
0
7
105
0
5
101
0
5
93
0
16
100
0
4
110
0
5
89
0
12
132
0
5
103
0
9
105
0
4
104
0
8
114
0
5
88
0
5
109
0
10
110
0
4
107
0
6
103
0
5
89
0
6
104
0
4
93
0
7
87
0
16
97
0
5
110
0
8
85
0
4
113
0
5
105
0
5
88
0
6
111
0
8
104
0
4
91
0
6
89
0
12
99
0
15
120
0
8
83
0
4
87
0
7
85
0
4
119
0
4
111
0
5
87
0
6
111
0
5
111
0
8
85
0
5
91
0
7
84
0
4
103
0
5
88
0
9
81
0
Total time taken: 134584 ms
