25
476
0
14
295
0
7
311
0
8
311
0
8
293
0
7
293
0
8
318
0
7
337
0
3
343
0
3
321
0
3
351
0
3
335
0
3
340
0
3
345
0
3
352
0
3
346
0
3
348
0
3
353
0
3
337
0
3
355
0
3
335
0
3
345
0
3
343
0
3
352
0
3
335
0
3
337
0
3
338
0
3
345
0
3
352
0
3
345
0
3
335
0
3
345
0
3
348
0
3
344
0
3
348
0
3
346
0
3
338
0
3
347
0
3
343
0
3
349
0
3
350
0
3
346
0
3
336
0
3
358
0
3
344
0
3
367
0
3
333
0
3
342
0
3
337
0
3
337
0
3
346
0
3
345
0
3
359
0
3
347
0
3
344
0
3
352
0
3
336
0
3
337
0
3
339
0
3
353
0
3
339
0
3
343
0
3
369
0
3
340
0
3
349
0
3
344
0
3
347
0
3
349
0
3
343
0
3
337
0
3
344
0
3
341
0
3
346
0
3
341
0
3
363
0
3
344
0
3
345
0
3
348
0
3
348
0
3
348
0
3
347
0
3
351
0
3
344
0
3
345
0
3
358
0
3
345
0
3
353
0
3
352
0
3
342
0
3
363
0
3
346
0
3
349
0
3
343
0
3
342
0
3
349
0
3
340
0
3
350
0
3
345
0
3
352
0
3
345
0
3
343
0
3
360
0
3
352
0
3
347
0
3
351
0
3
346
0
3
356
0
3
345
0
3
342
0
3
344
0
3
360
0
3
347
0
3
358
0
3
350
0
3
359
0
3
340
0
3
352
0
3
341
0
3
346
0
3
358
0
3
359
0
3
361
0
3
338
0
3
360
0
3
351
0
3
355
0
3
347
0
3
344
0
3
347
0
3
356
0
3
362
0
3
349
0
3
351
0
3
350
0
3
346
0
3
369
0
3
348
0
3
344
0
3
343
0
3
369
0
3
344
0
3
354
0
3
342
0
3
353
0
3
346
0
3
343
0
3
350
0
3
337
0
3
354
0
3
343
0
3
350
0
3
342
0
3
358
0
3
350
0
3
346
0
3
364
0
3
347
0
3
358
0
3
354
0
3
356
0
3
349
0
3
352
0
3
347
0
3
347
0
3
344
0
3
361
0
3
347
0
3
357
0
3
352
0
3
347
0
3
339
0
3
343
0
3
356
0
3
350
0
3
345
0
3
349
0
3
352
0
3
356
0
3
352
0
3
340
0
3
349
0
3
356
0
3
362
0
3
354
0
3
356
0
3
348
0
3
360
0
3
352
0
3
350
0
3
357
0
3
351
0
3
341
0
3
351
0
3
352
0
3
361
0
3
350
0
3
352
0
3
355
0
3
363
0
3
342
0
3
347
0
3
351
0
3
348
0
3
342
0
3
338
0
3
348
0
3
353
0
3
344
0
3
355
0
3
348
0
3
349
0
3
368
0
3
349
0
3
345
0
3
345
0
3
357
0
3
343
0
3
344
0
3
346
0
3
352
0
3
343
0
3
356
0
3
349
0
3
351
0
3
339
0
3
343
0
3
343
0
3
350
0
3
362
0
3
355
0
3
344
0
3
356
0
3
340
0
3
358
0
3
354
0
3
352
0
3
347
0
3
354
0
3
356
0
3
356
0
3
344
0
3
346
0
3
350
0
3
354
0
3
331
0
3
348
0
3
347
0
3
345
0
3
350
0
3
363
0
3
372
0
3
347
0
3
355
0
3
347
0
3
402
0
3
371
0
3
352
0
3
360
0
3
348
0
3
347
0
3
350
0
3
355
0
3
347
0
3
356
0
3
393
0
3
347
0
3
344
0
3
358
0
3
354
0
3
347
0
3
346
0
3
347
0
3
361
0
3
351
0
3
349
0
3
350
0
3
361
0
3
355
0
3
356
0
3
359
0
3
354
0
3
356
0
3
355
0
3
350
0
3
349
0
3
365
0
3
361
0
3
336
0
3
358
0
3
355
0
3
348
0
3
340
0
3
369
0
3
357
0
3
360
0
3
350
0
3
362
0
3
350
0
3
353
0
3
350
0
3
337
0
3
355
0
3
348
0
3
344
0
3
343
0
3
342
0
7
331
0
7
331
0
7
330
0
7
346
0
7
318
0
7
341
0
3
349
0
3
322
0
3
354
0
3
350
0
3
356
0
3
346
0
3
344
0
3
356
0
3
350
0
3
354
0
3
351
0
3
338
0
3
342
0
3
344
0
3
347
0
3
349
0
3
364
0
3
351
0
3
363
0
3
349
0
3
355
0
3
359
0
3
353
0
3
348
0
3
356
0
3
352
0
3
360
0
3
354
0
3
350
0
3
356
0
3
355
0
3
343
0
3
359
0
3
368
0
4
359
0
3
369
0
3
345
0
3
352
0
3
338
0
3
361
0
3
346
0
3
367
0
3
352
0
3
358
0
4
352
0
3
359
0
3
346
0
3
346
0
3
358
0
4
360
0
3
347
0
3
358
0
3
356
0
3
352
0
3
349
0
3
349
0
3
345
0
3
360
0
3
349
0
3
346
0
3
360
0
3
344
0
3
355
0
3
341
0
3
350
0
3
347
0
3
347
0
3
351
0
3
345
0
3
344
0
3
348
0
3
349
0
3
352
0
3
357
0
3
355
0
3
367
0
3
349
0
3
360
0
3
353
0
3
360
0
3
343
0
3
366
0
3
350
0
3
356
0
3
343
0
3
342
0
3
354
0
3
369
0
3
365
0
3
356
0
3
361
0
3
380
0
3
382
0
3
357
0
3
354
0
3
359
0
3
372
0
3
365
0
3
360
0
3
364
0
3
357
0
3
358
0
3
346
0
3
364
0
4
366
0
3
361
0
4
367
0
3
352
0
3
351
0
4
368
0
3
361
0
3
377
0
3
370
0
3
370
0
3
343
0
3
352
0
3
352
0
4
360
0
3
364
0
3
356
0
3
367
0
3
359
0
3
360
0
3
371
0
3
380
0
3
351
0
3
360
0
3
356
0
3
349
0
3
370
0
3
353
0
4
366
0
3
366
0
3
365
0
3
352
0
3
356
0
3
358
0
3
362
0
3
350
0
3
365
0
3
360
0
3
358
0
3
359
0
3
354
0
3
363
0
3
343
0
3
350
0
3
355
0
3
363
0
3
368
0
3
348
0
3
359
0
4
359
0
3
361
0
3
351
0
3
335
0
12
389
0
3
336
0
3
344
0
3
376
0
3
356
0
3
361
0
3
363
0
3
369
0
4
343
0
3
348
0
3
375
0
3
363
0
3
340
0
3
365
0
3
346
0
3
354
0
3
353
0
3
352
0
3
374
0
3
372
0
3
347
0
3
369
0
3
366
0
3
365
0
3
361
0
3
351
0
3
348
0
3
360
0
3
366
0
3
361
0
3
361
0
3
362
0
3
350
0
3
370
0
3
377
0
3
368
0
3
365
0
4
378
0
3
372
0
3
365
0
3
345
0
3
360
0
3
360
0
3
380
0
3
359
0
3
355
0
3
351
0
3
347
0
3
352
0
3
345
0
3
368
0
3
360
0
3
353
0
3
354
0
3
351
0
3
344
0
3
362
0
3
343
0
3
363
0
3
370
0
3
368
0
3
354
0
3
357
0
3
355
0
3
355
0
3
362
0
3
352
0
3
354
0
3
360
0
3
360
0
3
358
0
3
378
0
3
361
0
3
353
0
3
360
0
3
357
0
3
358
0
3
358
0
3
322
0
3
364
0
3
348
0
3
353
0
3
345
0
3
363
0
3
341
0
3
387
0
3
365
0
3
366
0
3
350
0
7
318
0
8
341
0
3
351
0
3
358
0
3
341
0
3
360
0
3
377
0
3
357
0
3
359
0
4
362
0
3
382
0
3
362
0
3
345
0
3
357
0
3
360
0
3
366
0
3
344
0
3
361
0
3
366
0
3
360
0
3
361
0
3
359
0
3
375
0
3
356
0
3
346
0
3
375
0
3
352
0
3
379
0
3
362
0
3
346
0
3
355
0
3
355
0
3
345
0
3
344
0
3
351
0
3
374
0
3
340
0
3
358
0
3
364
0
3
345
0
3
347
0
3
361
0
4
367
0
3
360
0
3
344
0
3
361
0
3
370
0
3
346
0
3
351
0
3
349
0
3
353
0
4
347
0
3
353
0
3
374
0
3
358
0
3
328
0
3
352
0
3
370
0
3
360
0
3
352
0
3
354
0
3
361
0
3
358
0
3
361
0
3
361
0
3
357
0
3
352
0
3
356
0
3
363
0
3
353
0
4
353
0
3
349
0
3
353
0
3
359
0
3
361
0
3
385
0
3
361
0
3
370
0
3
360
0
3
356
0
3
348
0
3
368
0
3
345
0
4
369
0
3
370
0
3
345
0
3
367
0
3
359
0
3
360
0
3
350
0
3
359
0
3
354
0
3
360
0
3
343
0
3
382
0
3
350
0
3
356
0
4
371
0
3
372
0
3
351
0
3
355
0
3
362
0
3
353
0
3
354
0
3
357
0
3
362
0
3
355
0
3
352
0
3
359
0
3
367
0
4
350
0
3
356
0
3
361
0
3
370
0
3
356
0
3
352
0
3
360
0
3
364
0
3
361
0
3
365
0
3
360
0
4
356
0
3
366
0
3
368
0
3
368
0
4
363
0
3
360
0
3
369
0
3
363
0
3
356
0
3
349
0
4
359
0
3
351
0
3
368
0
3
353
0
3
359
0
3
356
0
3
371
0
3
368
0
3
360
0
3
353
0
3
358
0
3
363
0
3
355
0
3
340
0
3
334
0
3
362
0
3
357
0
3
351
0
3
361
0
3
361
0
3
365
0
3
353
0
3
355
0
3
347
0
3
370
0
3
368
0
3
358
0
3
364
0
3
370
0
3
348
0
3
367
0
3
380
0
3
365
0
3
351
0
3
346
0
3
353
0
3
345
0
3
360
0
3
369
0
3
373
0
3
361
0
3
356
0
3
359
0
3
352
0
3
368
0
3
354
0
3
349
0
3
363
0
3
354
0
3
359
0
3
349
0
3
374
0
3
379
0
3
354
0
3
366
0
3
371
0
3
357
0
3
350
0
3
365
0
4
353
0
3
355
0
3
360
0
3
372
0
3
359
0
3
358
0
3
350
0
3
360
0
3
354
0
3
354
0
3
366
0
3
347
0
3
354
0
4
362
0
3
369
0
3
370
0
3
356
0
3
358
0
3
352
0
3
358
0
3
362
0
3
366
0
3
366
0
3
347
0
3
349
0
3
353
0
8
354
0
3
364
0
3
358
0
3
337
0
3
359
0
3
353
0
3
364
0
3
366
0
4
362
0
3
356
0
3
370
0
3
349
0
3
353
0
3
348
0
3
355
0
3
349
0
3
350
0
3
352
0
3
351
0
3
366
0
3
364
0
3
363
0
3
358
0
3
343
0
4
370
0
3
357
0
4
352
0
3
364
0
3
363
0
3
354
0
3
344
0
4
358
0
3
377
0
3
385
0
3
361
0
3
357
0
3
365
0
3
373
0
3
361
0
3
353
0
3
360
0
3
351
0
3
350
0
3
346
0
3
363
0
3
362
0
3
351
0
3
347
0
4
371
0
3
351
0
3
364
0
3
368
0
3
363
0
3
365
0
3
360
0
3
378
0
3
365
0
3
372
0
3
360
0
3
354
0
3
355
0
3
359
0
3
354
0
3
368
0
3
368
0
3
354
0
3
357
0
3
358
0
3
361
0
3
355
0
3
374
0
3
375
0
3
358
0
3
358
0
3
361
0
3
354
0
3
351
0
3
352
0
4
376
0
3
355
0
3
354
0
3
355
0
3
362
0
3
347
0
3
358
0
3
374
0
3
365
0
3
360
0
3
356
0
3
351
0
3
350
0
3
350
0
3
359
0
3
372
0
3
356
0
8
335
0
7
338
0
8
341
0
3
347
0
3
359
0
7
338
0
7
326
0
3
347
0
8
333
0
3
341
0
3
360
0
3
341
0
3
353
0
3
353
0
4
383
0
3
344
0
7
370
0
7
339
0
7
337
0
7
342
0
8
337
0
9
331
0
7
335
0
7
334
0
8
338
0
7
338
0
7
342
0
3
342
0
3
334
0
3
350
0
3
364
0
3
349
0
3
368
0
3
356
0
3
371
0
3
366
0
3
359
0
3
369
0
3
364
0
3
370
0
3
367
0
3
361
0
3
371
0
3
367
0
3
364
0
3
350
0
3
367
0
3
359
0
3
356
0
3
347
0
3
362
0
3
354
0
3
362
0
3
352
0
3
364
0
3
407
0
3
406
0
3
355
0
3
353
0
4
364
0
3
358
0
3
369
0
3
361
0
3
364
0
3
356
0
3
357
0
3
351
0
3
367
0
3
364
0
3
358
0
3
357
0
3
351
0
3
377
0
3
356
0
3
371
0
3
350
0
3
346
0
3
381
0
3
360
0
3
367
0
3
374
0
3
381
0
3
361
0
3
354
0
3
360
0
3
366
0
3
350
0
3
366
0
3
367
0
3
365
0
3
368
0
3
367
0
3
357
0
3
367
0
3
381
0
3
357
0
3
360
0
3
366
0
3
359
0
3
356
0
3
356
0
3
347
0
3
356
0
3
362
0
3
358
0
3
361
0
3
367
0
3
347
0
3
354
0
3
349
0
3
350
0
3
379
0
3
373
0
3
354
0
3
361
0
3
362
0
3
380
0
3
374
0
3
365
0
3
354
0
3
370
0
3
365
0
3
376
0
3
355
0
3
382
0
3
357
0
3
355
0
3
364
0
3
353
0
3
352
0
3
354
0
3
358
0
Total time taken: 382293 ms
