10
218
0
8
187
0
13
138
0
8
140
0
9
121
0
7
128
0
7
126
0
8
131
0
9
146
0
10
157
0
6
158
0
14
145
0
5
131
0
14
146
0
6
155
0
6
140
0
6
145
0
5
142
0
7
123
0
8
130
0
7
131
0
6
135
0
8
135
0
8
139
0
8
127
0
6
141
0
7
130
0
6
122
0
5
140
0
6
143
0
6
136
0
6
143
0
7
163
0
6
141
0
7
134
0
6
122
0
7
136
0
8
140
0
6
124
0
8
130
0
8
141
0
6
137
0
6
132
0
6
129
0
7
131
0
7
128
0
5
130
0
12
122
0
6
130
0
6
140
0
6
134
0
6
250
0
10
173
0
6
145
0
6
162
0
5
147
0
6
147
0
10
147
0
7
161
0
6
126
0
15
124
0
5
128
0
7
133
0
7
129
0
7
140
0
7
144
0
7
156
0
6
130
0
7
136
0
10
134
0
6
137
0
6
132
0
6
152
0
8
146
0
7
137
0
7
155
0
8
148
0
6
118
0
7
131
0
7
151
0
6
128
0
8
150
0
6
159
0
6
121
0
7
131
0
7
135
0
9
139
0
8
134
0
8
127
0
8
139
0
25
142
0
6
154
0
7
148
0
8
163
0
6
153
0
7
155
0
8
162
0
6
139
0
7
152
0
9
146
0
10
157
0
7
154
0
6
163
0
6
141
0
7
156
0
7
140
0
93
220
0
7
167
0
6
152
0
7
158
0
8
161
0
6
145
0
6
145
0
6
143
0
7
150
0
6
130
0
7
134
0
10
129
0
8
139
0
9
139
0
9
129
0
8
138
0
6
141
0
6
142
0
7
149
0
7
131
0
8
143
0
8
137
0
6
136
0
11
124
0
7
142
0
8
137
0
7
152
0
6
139
0
8
140
0
9
140
0
9
146
0
8
160
0
8
138
0
9
141
0
20
153
0
8
158
0
7
136
0
6
135
0
6
138
0
6
138
0
6
136
0
8
145
0
6
126
0
6
150
0
7
149
0
7
141
0
6
129
0
8
143
0
7
141
0
9
146
0
13
169
0
8
135
0
8
158
0
6
124
0
6
147
0
8
160
0
6
123
0
7
129
0
8
181
0
9
140
0
8
135
0
13
130
0
7
136
0
6
141
0
7
126
0
7
136
0
8
135
0
8
128
0
7
136
0
9
178
0
6
143
0
6
148
0
7
158
0
6
126
0
8
140
0
6
134
0
10
136
0
9
147
0
10
149
0
9
152
0
7
149
0
6
124
0
7
133
0
8
178
0
10
142
0
10
145
0
9
166
0
9
138
0
33
159
0
6
157
0
7
144
0
7
164
0
9
152
0
11
144
0
7
129
0
8
139
0
9
137
0
6
134
0
8
145
0
10
160
0
8
131
0
7
142
0
7
125
0
6
132
0
8
141
1
23
165
0
8
186
0
6
145
0
7
136
0
9
243
0
10
163
0
8
151
0
6
136
0
6
170
0
8
130
0
6
129
0
7
135
0
9
142
0
15
129
0
9
132
0
19
161
0
7
157
0
7
133
0
8
149
0
9
144
0
10
149
0
11
133
0
8
132
0
10
145
0
8
143
0
8
132
0
8
145
0
6
141
0
10
147
0
10
155
0
6
132
0
9
142
0
7
138
0
6
152
0
7
163
0
20
138
0
6
125
0
7
137
0
5
134
0
8
137
0
9
151
0
7
144
0
9
154
0
6
152
0
21
148
0
7
169
0
6
192
0
6
148
0
6
169
0
7
129
0
9
146
0
8
146
0
8
148
0
10
137
0
5
133
0
5
130
0
7
135
0
7
174
0
8
149
0
7
157
0
5
143
0
6
152
0
6
142
0
7
137
0
8
138
0
6
137
0
8
156
0
6
127
0
9
136
0
8
156
0
7
157
0
7
132
0
8
146
0
7
142
0
9
137
0
8
146
0
8
133
0
7
147
0
8
136
0
5
145
0
8
144
0
6
147
0
6
143
0
6
144
0
6
143
0
8
155
0
9
149
0
8
140
0
8
137
0
7
152
0
6
126
0
7
254
0
8
174
0
6
152
0
7
141
0
7
145
0
5
144
0
22
147
0
7
157
0
5
145
0
7
158
0
5
137
0
5
142
0
6
160
0
7
159
0
5
143
0
6
132
0
6
124
0
7
133
0
9
142
0
8
230
0
11
170
0
9
150
0
16
149
0
7
147
0
5
135
0
7
148
0
5
128
0
9
143
0
9
141
0
7
133
0
8
143
0
20
159
0
6
126
0
6
151
0
9
135
0
7
147
0
8
132
0
6
132
0
6
146
0
6
160
0
6
144
0
5
143
0
6
166
0
5
129
0
7
147
0
5
137
0
8
138
0
7
143
0
6
131
0
8
164
0
6
145
0
6
152
0
5
131
0
10
148
0
5
123
0
6
142
0
7
170
0
7
146
0
6
157
0
7
148
0
7
143
0
6
134
0
7
165
0
9
152
0
8
132
0
7
136
0
7
139
0
7
153
0
6
172
0
8
164
0
8
149
0
10
144
0
6
147
0
7
172
0
9
153
0
6
153
0
8
174
0
12
167
0
6
143
0
6
150
0
8
135
0
8
148
0
6
138
0
9
150
0
8
152
0
8
144
0
11
137
0
6
138
0
9
140
0
9
156
0
8
146
0
6
133
0
12
149
0
8
144
0
7
168
0
7
143
0
7
142
0
5
138
0
6
135
0
7
146
0
7
138
0
5
150
0
6
162
0
6
173
0
4
163
0
10
137
0
8
136
0
9
144
0
9
233
0
7
146
0
7
142
0
7
149
0
6
141
0
9
142
0
7
134
0
9
148
0
6
151
0
6
139
0
6
145
0
6
134
0
8
151
0
10
149
0
6
138
0
9
174
0
8
287
0
7
176
0
6
135
0
6
150
0
7
154
0
5
145
0
5
152
0
7
143
0
6
142
0
7
141
0
7
151
0
5
133
0
6
148
0
6
149
0
6
129
0
6
147
0
6
136
0
7
128
0
7
139
0
7
157
0
8
136
0
6
141
0
5
152
0
6
165
0
6
152
0
5
125
0
7
162
0
9
154
0
6
140
0
7
164
0
9
169
0
7
150
0
6
158
0
7
176
0
7
156
0
7
157
0
5
126
0
11
138
0
5
136
0
7
142
0
10
145
0
6
155
0
6
156
0
8
146
0
5
133
0
16
153
0
6
150
0
5
157
0
8
132
0
5
138
0
6
138
0
6
139
0
6
150
0
5
158
0
8
153
0
7
157
0
6
143
0
6
155
0
6
153
0
7
140
0
5
151
0
7
166
0
7
151
0
7
159
0
7
142
0
6
164
0
7
143
0
5
150
0
10
156
1
7
150
0
5
144
0
7
160
0
6
158
0
11
164
0
5
147
0
6
134
0
5
135
0
6
143
0
8
147
0
6
136
0
5
152
0
7
155
0
6
145
0
6
163
0
6
148
0
7
154
0
9
166
0
6
249
0
7
148
0
7
161
0
9
144
0
8
151
0
6
144
0
7
149
0
7
145
0
6
143
0
8
145
0
6
134
0
6
133
0
7
154
0
7
149
0
5
169
0
7
203
0
7
169
0
7
219
0
7
160
0
5
144
0
7
144
0
7
138
0
7
160
0
6
150
0
5
162
0
6
151
0
13
154
0
6
163
0
7
156
0
7
161
0
6
150
0
8
161
0
9
157
0
10
161
0
6
167
0
9
146
0
9
146
0
5
135
0
5
151
0
5
153
0
5
145
0
8
164
0
14
166
0
6
146
0
4
152
0
4
158
0
11
147
0
11
147
0
10
145
0
8
223
3
8
159
0
6
150
0
6
183
0
7
154
0
6
148
0
6
153
0
11
140
0
6
147
0
7
172
0
6
157
0
6
213
0
11
168
0
13
181
0
10
141
0
8
149
0
7
140
0
7
125
0
11
159
0
7
145
0
7
170
0
6
137
0
5
139
0
5
142
0
5
136
0
7
162
0
6
138
0
8
170
0
7
162
0
5
211
0
8
208
0
8
149
0
11
138
0
9
137
0
9
138
0
8
165
0
11
167
0
7
161
0
7
137
0
6
143
0
6
182
0
8
154
0
8
146
0
6
143
0
10
141
0
16
159
2
6
139
0
7
139
0
10
144
0
7
140
0
6
134
0
5
129
0
6
149
0
7
165
0
7
164
0
11
151
0
6
144
0
8
137
0
7
149
0
7
128
0
7
133
0
6
145
0
7
149
0
6
162
0
6
150
0
6
130
0
6
226
0
7
148
0
7
153
0
5
129
0
5
141
0
6
162
0
6
155
0
7
130
0
6
145
0
10
149
0
9
145
0
6
140
0
9
151
0
9
157
0
7
149
0
7
152
0
7
145
0
7
156
0
6
138
0
8
154
0
9
168
0
7
158
0
7
160
0
6
142
0
7
144
0
6
147
0
7
147
0
21
142
0
6
137
0
17
138
0
7
165
0
8
172
0
8
140
0
9
143
0
8
189
0
9
143
0
6
138
0
6
145
0
7
133
0
15
190
0
7
139
0
7
179
0
7
142
0
7
141
0
8
144
0
8
152
0
7
138
0
6
166
0
7
152
0
10
157
0
5
134
0
6
142
0
6
147
0
6
136
0
6
172
0
5
167
0
9
201
0
8
186
0
8
141
0
6
154
0
7
153
0
7
180
0
6
149
0
6
135
0
6
139
0
8
148
0
6
148
0
8
150
0
7
147
0
6
154
0
6
169
0
7
138
0
6
133
0
7
146
0
9
146
0
7
140
0
7
137
0
6
153
0
16
174
0
6
142
0
7
182
0
8
143
0
7
135
0
7
138
0
7
145
0
5
150
0
6
156
0
5
161
0
6
139
0
5
140
0
8
165
0
21
251
0
7
133
0
11
136
0
6
140
0
8
156
0
7
132
0
6
140
0
7
147
0
8
150
0
7
141
0
6
145
0
8
152
0
6
132
0
6
154
0
5
135
0
6
169
0
7
175
0
6
135
0
21
133
0
9
142
0
7
142
0
8
152
0
7
146
0
8
148
0
6
167
0
11
166
0
9
145
0
6
143
0
6
147
0
7
133
0
9
131
0
21
140
0
8
141
0
6
154
0
8
155
0
6
156
0
7
173
0
9
158
0
8
166
0
7
149
0
7
151
0
6
152
0
7
161
0
7
158
0
5
132
0
5
140
0
10
138
0
12
158
0
9
143
0
8
138
0
8
162
0
7
157
0
5
157
0
5
169
0
10
132
0
10
186
0
12
243
0
8
170
0
6
131
0
7
143
0
7
152
0
7
150
0
6
186
0
6
130
0
15
154
0
7
153
0
6
140
0
6
133
0
6
135
0
10
172
0
6
153
0
9
162
0
8
142
0
6
140
0
8
146
0
6
134
0
13
144
0
14
141
0
24
154
0
7
160
0
5
172
0
5
158
0
5
141
0
6
138
0
7
151
0
8
139
0
6
144
0
6
161
0
6
150
0
6
137
0
8
139
0
6
155
0
7
162
0
7
147
0
7
141
0
8
147
0
6
137
0
8
159
0
10
146
0
6
135
0
6
168
0
8
163
0
6
145
0
7
144
0
8
164
0
6
154
0
8
144
0
6
143
0
7
152
0
6
158
0
7
185
0
7
166
0
6
155
0
8
147
0
6
140
0
8
141
0
6
134
0
7
163
0
6
150
0
5
130
0
6
131
0
9
147
0
6
141
0
6
146
0
7
138
0
7
153
0
6
184
0
12
174
0
7
135
0
7
153
0
8
157
0
7
144
0
6
132
0
7
135
0
6
140
0
7
146
0
7
159
0
7
159
0
7
152
0
8
157
0
8
160
0
6
164
0
7
179
0
5
162
0
7
139
0
7
151
0
7
188
0
5
138
0
7
144
0
7
164
0
9
156
0
9
150
0
7
152
0
8
154
0
7
144
0
6
133
0
8
148
0
6
144
0
8
144
0
9
149
0
7
142
0
6
195
0
5
152
0
7
159
0
7
149
0
6
158
0
6
252
0
11
149
0
9
134
0
8
134
0
8
135
0
8
152
0
9
160
0
6
172
0
6
130
0
5
137
0
7
151
0
8
148
0
8
146
0
8
145
0
6
131
0
14
172
0
7
138
0
7
141
0
6
143
0
5
138
0
13
145
0
5
135
0
7
171
0
50
204
0
6
148
0
6
168
0
6
144
0
11
193
0
8
150
0
7
149
0
7
141
0
8
131
0
7
134
0
8
134
0
10
170
0
7
159
0
8
138
0
6
140
0
6
153
0
7
135
0
7
140
0
6
143
0
7
139
0
6
153
0
7
157
0
6
135
0
6
150
0
5
159
0
7
156
0
7
142
0
5
151
0
6
153
0
6
163
0
6
143
0
9
144
0
7
144
0
8
140
0
10
141
0
6
135
0
5
143
0
6
163
0
6
138
0
6
141
0
6
141
0
7
154
0
8
147
0
6
134
0
7
150
0
7
156
0
7
149
0
13
190
0
14
145
0
8
155
0
6
148
0
38
170
0
6
142
0
6
141
0
6
150
0
54
156
0
9
133
0
6
141
0
28
161
0
7
162
0
6
135
0
6
134
0
7
144
0
12
147
0
8
141
0
8
147
0
15
144
0
6
150
0
7
138
0
12
147
0
7
155
0
7
144
0
8
168
0
6
154
0
16
168
0
7
154
0
8
151
0
7
153
0
9
146
0
7
260
0
8
178
0
5
133
0
7
146
0
7
151
0
5
141
0
6
134
0
8
135
0
13
143
0
9
147
0
7
196
0
7
143
0
15
157
0
Total time taken: 191594 ms