21
332
0
10
91
0
7
121
0
7
127
0
7
102
0
7
91
0
7
109
0
7
118
0
8
101
0
7
95
0
7
97
0
8
90
0
8
111
0
9
111
0
4
130
0
4
133
0
4
149
0
5
116
0
4
129
0
4
106
0
5
139
0
4
136
0
4
140
0
4
140
0
4
132
0
4
121
0
11
131
0
4
119
0
4
109
0
6
145
0
4
107
0
5
140
0
5
143
0
4
136
0
4
141
0
4
131
0
5
136
0
4
138
0
4
135
0
4
136
0
4
136
0
4
145
0
5
151
0
5
141
0
4
145
0
4
133
0
4
146
0
4
133
0
5
139
0
4
132
0
4
131
0
4
111
0
4
138
0
5
137
0
4
140
0
5
151
0
6
150
0
4
137
0
4
133
0
5
132
0
4
141
0
5
146
0
6
127
0
4
126
0
5
137
0
4
113
0
4
135
0
4
142
0
5
137
0
5
142
0
5
133
0
5
144
0
4
128
0
4
132
0
5
112
0
5
143
0
4
141
0
5
144
0
4
121
0
5
137
0
5
113
0
5
134
0
5
143
0
5
106
0
30
138
0
4
112
0
5
136
0
5
137
0
5
121
0
4
125
0
5
125
0
5
119
0
4
136
0
5
146
0
5
143
0
4
137
0
4
136
0
4
148
0
4
140
0
4
149
0
5
132
0
5
135
0
4
140
0
4
139
0
5
135
0
4
154
0
5
146
0
5
147
0
4
145
0
4
141
0
4
125
0
5
127
0
5
124
0
5
130
0
4
112
0
5
139
0
5
148
0
5
138
0
5
143
0
4
133
0
5
132
0
4
125
0
5
116
0
5
139
0
5
147
0
4
131
0
5
130
0
5
132
0
5
114
0
5
151
0
4
135
0
4
143
0
5
149
0
5
148
0
5
147
0
5
148
0
5
141
0
5
138
0
4
142
0
5
143
0
5
139
0
5
139
0
4
132
0
5
129
0
5
126
0
5
114
0
5
164
0
5
110
0
5
145
0
5
153
0
5
135
0
5
146
0
5
138
0
5
138
0
5
139
0
5
142
0
5
116
0
5
139
0
4
130
0
5
147
0
5
139
0
5
122
0
5
141
0
5
140
0
5
138
0
5
120
0
32
172
0
4
110
0
4
133
0
4
142
0
5
143
0
5
140
0
5
136
0
5
127
0
5
128
0
5
138
0
5
124
0
5
137
0
6
163
0
5
135
0
5
151
0
4
137
0
5
149
0
5
144
0
5
144
0
5
135
0
5
154
0
5
131
0
5
145
0
5
146
0
5
149
0
5
147
0
5
149
0
4
138
0
7
147
0
5
153
0
5
152
0
5
141
0
5
143
0
5
154
0
5
144
0
5
139
0
6
152
0
5
148
0
5
149
0
5
140
0
5
139
0
5
146
0
5
150
0
5
138
0
5
138
0
6
139
0
5
134
0
5
118
0
5
145
0
5
149
0
5
143
0
5
138
0
5
145
0
5
145
0
5
144
0
5
153
0
5
150
0
5
145
0
5
147
0
5
146
0
5
142
0
5
139
0
5
147
0
5
153
0
5
141
0
5
145
0
4
143
0
5
146
0
5
143
0
5
143
0
5
142
0
5
152
0
5
149
0
5
152
0
5
136
0
5
145
0
5
143
0
5
145
0
6
149
0
5
153
0
5
131
0
5
151
0
5
143
0
7
158
0
5
137
0
5
149
0
5
155
0
4
149
0
5
149
0
4
144
0
5
141
0
5
125
0
5
134
0
5
123
0
4
140
0
5
153
0
5
137
0
5
144
0
5
150
0
5
149
0
5
145
0
5
151
0
5
149
0
5
148
0
5
145
0
5
146
0
6
145
0
5
152
0
5
141
0
5
146
0
4
136
0
5
144
0
4
146
0
4
155
0
5
149
0
5
150
0
5
147
0
5
154
0
6
145
0
4
149
0
5
140
0
5
140
0
5
158
0
5
133
0
5
132
0
5
119
0
5
141
0
5
143
0
5
149
0
5
152
0
5
152
0
5
148
0
6
139
0
5
147
0
5
129
0
5
150
0
5
148
0
5
152
0
5
162
0
5
145
0
9
115
0
9
103
0
9
93
0
9
132
0
9
131
0
10
132
0
5
142
0
5
132
0
5
136
0
5
143
0
5
113
0
5
140
0
5
141
0
5
130
0
5
132
0
5
112
0
5
134
0
5
144
0
5
149
0
5
147
0
5
137
0
5
127
0
4
125
0
5
125
0
8
136
0
5
141
0
5
151
0
4
147
0
5
151
0
5
163
0
5
153
0
5
161
0
5
153
0
5
151
0
5
153
0
5
140
0
5
146
0
5
145
0
5
144
0
5
136
0
5
150
0
5
136
0
5
156
0
5
141
0
5
144
0
4
135
0
5
151
0
5
146
0
5
152
0
5
136
0
5
143
0
5
128
0
5
127
0
5
113
0
16
146
0
5
137
0
5
149
0
5
115
0
6
134
0
5
141
0
5
157
0
4
146
0
5
137
0
5
148
0
5
136
0
5
153
0
5
111
0
34
135
0
6
132
0
5
132
0
4
136
0
5
152
0
5
114
0
5
139
0
5
134
0
5
117
0
9
132
0
5
132
0
5
144
0
5
118
0
6
145
0
6
153
0
5
148
0
5
141
0
5
145
0
5
141
0
5
141
0
6
157
0
5
120
0
34
167
0
5
112
0
5
139
0
5
147
0
6
149
0
5
147
0
5
138
0
5
131
0
5
142
0
5
134
0
5
118
0
36
133
0
5
117
0
5
136
0
6
156
0
5
147
0
4
140
0
5
154
0
6
156
0
6
137
0
5
153
0
5
146
0
5
146
0
5
136
0
5
145
0
5
153
0
5
149
0
5
145
0
5
159
0
5
141
0
5
144
0
5
145
0
5
150
0
5
145
0
5
141
0
5
138
0
5
150
0
5
144
0
5
150
0
5
156
0
5
144
0
5
150
0
5
165
0
5
140
0
5
149
0
5
117
0
5
132
0
5
140
0
4
123
0
5
151
0
5
132
0
5
127
0
6
138
0
5
150
0
5
149
0
5
144
0
5
144
0
5
143
0
4
145
0
5
150
0
5
140
0
5
141
0
5
151
0
5
137
0
5
149
0
5
143
0
4
144
0
5
143
0
5
147
0
5
148
0
5
152
0
5
147
0
5
152
0
5
149
0
6
147
0
5
148
0
5
152
0
6
144
0
5
147
0
5
146
0
5
147
0
5
153
0
5
155
0
5
140
0
5
167
0
5
136
0
6
146
0
5
137
0
5
120
0
5
137
0
5
140
0
5
149
0
5
144
0
5
138
0
5
139
0
4
128
0
5
121
0
5
143
0
5
148
0
5
132
0
5
130
0
5
136
0
5
152
0
5
117
0
6
126
0
5
141
0
5
142
0
5
121
0
6
128
0
5
131
0
5
130
0
5
117
0
5
145
0
6
153
0
5
158
0
4
144
0
5
151
0
5
142
0
5
142
0
5
144
0
5
138
0
5
142
0
5
147
0
5
158
0
5
139
0
5
145
0
5
139
0
5
128
0
5
120
0
5
144
0
5
153
0
5
136
0
5
145
0
5
137
0
5
148
0
5
134
0
5
146
0
5
145
0
5
150
0
5
145
0
5
145
0
5
139
0
5
156
0
5
145
0
5
144
0
5
145
0
5
149
0
5
153
0
5
155
0
5
140
0
5
154
0
4
118
0
5
145
0
5
145
0
6
145
0
5
123
0
5
132
0
5
114
0
16
144
0
5
131
0
5
130
0
5
116
0
20
109
0
10
116
0
4
141
0
5
154
0
5
153
0
5
137
0
5
156
0
6
147
0
5
142
0
5
147
0
5
146
0
5
150
0
4
149
0
5
147
0
5
149
0
5
148
0
5
160
0
5
148
0
5
156
0
5
135
0
5
146
0
6
149
0
5
151
0
6
151
0
4
140
0
5
139
0
5
150
0
5
139
0
5
139
0
5
140
0
6
152
0
5
156
0
5
144
0
5
143
0
5
142
0
5
151
0
5
152
0
7
151
0
6
150
0
5
145
0
5
141
0
5
152
0
5
153
0
6
155
0
6
149
0
5
140
0
5
136
0
6
156
0
5
146
0
5
143
0
5
138
0
5
158
0
5
141
0
5
124
0
5
118
0
5
141
0
6
148
0
5
145
0
5
150
0
5
137
0
5
148
0
5
136
0
5
154
0
4
143
0
6
152
0
5
137
0
5
144
0
5
147
0
5
152
0
5
133
0
5
150
0
5
129
0
5
143
0
5
114
0
6
140
0
5
140
0
6
127
0
5
155
0
5
145
0
5
120
0
6
134
0
5
134
0
5
130
0
5
122
0
5
133
0
5
156
0
5
155
0
4
147
0
5
158
0
5
141
0
5
154
0
5
144
0
5
141
0
5
143
0
5
137
0
5
149
0
5
151
0
5
144
0
5
148
0
5
139
0
5
149
0
4
148
0
5
146
0
5
150
0
5
142
0
5
137
0
5
140
0
5
134
0
5
124
0
5
145
0
6
158
0
5
154
0
5
154
0
5
150
0
5
147
0
5
147
0
5
144
0
5
153
0
5
149
0
5
146
0
4
141
0
5
152
0
6
155
0
5
145
0
5
147
0
5
149
0
5
148
0
5
150
0
5
135
0
10
126
0
9
93
0
10
126
0
10
126
0
5
145
0
9
126
0
5
150
0
11
118
0
10
124
0
5
137
0
5
132
0
4
128
0
5
120
0
5
147
0
5
151
0
5
147
0
5
128
0
5
151
0
5
140
0
5
146
0
5
144
0
5
148
0
5
149
0
5
117
0
5
139
0
5
139
0
4
140
0
5
139
0
6
132
0
6
146
0
5
155
0
5
151
0
5
154
0
4
141
0
4
143
0
5
147
0
5
149
0
5
145
0
5
144
0
5
142
0
5
145
0
5
152
0
5
150
0
4
139
0
5
143
0
5
153
0
5
136
0
5
154
0
5
155
0
5
147
0
5
149
0
5
152
0
5
151
0
5
142
0
5
150
0
5
151
0
5
138
0
5
141
0
5
138
0
6
133
0
6
149
0
5
158
0
5
153
0
5
158
0
5
144
0
5
151
0
5
145
0
5
150
0
5
152
0
5
145
0
5
150
0
5
152
0
5
140
0
5
143
0
5
145
0
4
142
0
5
143
0
5
156
0
5
158
0
4
157
0
5
149
0
4
149
0
5
150
0
5
152
0
5
154
0
5
149
0
5
141
0
11
128
0
5
112
0
5
129
0
6
127
0
5
144
0
4
151
0
5
140
0
5
145
0
5
147
0
5
151
0
5
141
0
5
141
0
5
141
0
5
130
0
5
122
0
5
140
1
5
118
0
5
131
0
5
146
0
5
132
0
4
132
0
5
120
0
5
145
0
5
159
0
5
141
0
5
156
0
6
148
0
5
134
0
5
154
0
5
150
0
5
147
0
5
146
0
5
147
0
6
151
0
5
143
0
5
145
0
5
149
0
5
148
0
5
141
0
5
138
0
5
143
0
5
148
0
5
149
0
5
151
0
5
143
0
5
144
0
5
131
0
5
172
0
5
117
0
5
141
0
5
146
0
5
117
0
33
134
0
5
144
0
5
148
0
5
120
0
5
135
0
5
132
0
5
139
0
5
135
0
4
115
0
5
144
0
5
156
0
6
148
0
5
155
0
5
149
0
5
151
0
5
138
0
6
143
0
6
154
0
6
155
0
5
139
0
5
154
0
5
139
0
5
152
0
6
150
0
5
152
0
5
142
0
5
145
0
5
131
0
5
139
0
5
119
0
5
148
0
5
152
0
4
150
0
5
152
0
5
156
0
5
152
0
5
146
0
5
160
0
5
150
0
5
153
0
5
149
0
5
151
0
5
150
0
10
135
0
11
122
0
11
134
0
5
149
0
5
151
0
10
116
0
9
121
0
5
116
0
10
123
0
5
157
0
5
138
0
5
146
0
5
148
0
5
141
0
5
157
0
5
151
0
9
120
0
9
119
0
9
117
0
8
125
0
10
121
0
9
108
0
9
131
0
9
119
0
9
114
0
10
121
0
10
116
0
5
128
0
6
126
0
26
174
0
5
116
0
5
136
0
5
152
0
5
117
0
5
149
0
5
123
0
5
111
0
5
116
0
6
147
0
5
152
0
6
143
0
5
154
0
4
138
0
5
147
0
5
144
0
5
148
0
5
151
0
5
154
0
5
145
0
5
155
0
5
147
0
5
153
0
4
139
0
5
148
0
5
141
0
5
142
0
5
143
0
5
148
0
5
150
0
5
153
0
5
144
0
5
153
0
5
141
0
5
146
0
5
146
0
5
144
0
5
150
0
5
142
0
5
143
0
5
154
0
5
150
0
5
148
0
5
141
0
5
153
0
5
152
0
5
146
0
5
150
0
5
157
0
5
151
0
5
146
0
5
142
0
4
144
0
5
144
0
6
157
0
5
156
0
5
146
0
5
154
0
6
152
0
5
149
0
5
150
0
5
154
0
6
150
0
4
153
0
5
141
0
5
147
0
4
140
0
5
147
0
5
132
0
5
119
0
5
148
0
5
154
0
5
147
0
4
148
0
5
140
0
6
157
0
5
146
0
5
150
0
5
147
0
5
146
0
5
130
0
5
135
0
5
145
0
5
151
0
5
119
0
5
137
0
5
147
0
5
136
0
5
142
0
5
146
0
5
132
0
5
122
0
6
137
0
5
146
0
5
138
0
5
159
0
5
146
0
5
151
0
5
138
0
5
145
0
5
147
0
6
141
0
5
144
0
Total time taken: 174321 ms
